0000000000000000000000000000000000000000
0000000000000000000000000000000000000000
0000000000000000000000000000000000000000
0000000000000000000000000000000000000000
0000000000000000000000000000000000000000
0000000000000000000000000000000000000000
0000000000000000000000000000000000000000
0000000000000000000000000000000000000000
0000000000000000000000000000000000000000
0000000000000000000000000000000000000000
0000000000000000000000000000000000000000
0000000000000000000000000000000000000000
0000000000001111111111111111000000000000
0000000000001112111111112111000000000000
0000000000001111111211121111000000000000
0000000000001111111111111111000000000000
0000000000001111111121111111000000000000
0000000000001111111111111121000000000000
0000000000001121111111111111000000000000
0000000000001111111111111211000000000000
0000000000001111211111111111000000000000
0000000000001122111111111211000000000000
0000000000001211111211111111000000000000
0000000000001111111111121111000000000000
0000000000001111111111111111000000000000
0000000000001112111111111111000000000000
0000000000001111111111211111000000000000
0000000000001121111111111111000000000000
0000000000000000000000000000000000000000
0000000000000000000000000000000000000000
0000000000000000000000000000000000000000
0000000000000000000000000000000000000000
0000000000000000000000000000000000000000
0000000000000000000000000000000000000000
0000000000000000000000000000000000000000
0000000000000000000000000000000000000000
0000000000000000000000000000000000000000
0000000000000000000000000000000000000000
0000000000000000000000000000000000000000
0000000000000000000000000000000000000000